The initial world has been constructed.
Time flies: 0.00 Secs
Start shooting... 0/1 [0.00%]
1 300
-1.00 0.00 -0.012530
2 300
-1.00 0.00 -0.012562
3 300
-1.00 0.00 -0.012593
4 300
-1.00 0.00 -0.012625
5 300
-1.00 0.00 -0.012657
6 300
-1.00 0.00 -0.012689
7 300
-1.00 0.00 -0.012722
8 300
-1.00 0.00 -0.012754
9 300
-1.00 0.00 -0.012787
10 300
-1.00 0.00 -0.012819
11 300
-1.00 0.00 -0.012852
12 300
-1.00 0.00 -0.012886
13 300
-1.00 0.00 -0.012919
14 300
-1.00 0.00 -0.012952
15 300
-1.00 0.00 -0.012986
16 300
-1.00 0.00 -0.013020
17 300
-1.00 0.00 -0.013054
18 300
-1.00 0.00 -0.013088
19 300
-1.00 0.00 -0.013122
20 300
-1.00 0.00 -0.013157
21 300
-1.00 0.00 -0.013191
22 300
-1.00 0.00 -0.013226
23 300
-1.00 0.00 -0.013261
24 300
-1.00 0.00 -0.013297
25 300
-1.00 0.00 -0.013332
26 300
-1.00 0.00 -0.013368
27 300
-1.00 0.00 -0.013404
28 300
-1.00 0.00 -0.013440
29 300
-1.00 0.00 -0.013476
30 300
-1.00 0.00 -0.013512
31 300
-1.00 0.00 -0.013549
32 300
-1.00 0.00 -0.013586
33 300
-1.00 0.00 -0.013623
34 300
-1.00 0.00 -0.013660
35 300
-1.00 0.00 -0.013697
36 300
-1.00 0.00 -0.013735
37 300
-1.00 0.00 -0.013773
38 300
-1.00 0.00 -0.013811
39 300
-1.00 0.00 -0.013849
40 300
-1.00 0.00 -0.013888
41 300
-1.00 0.00 -0.013926
42 300
-1.00 0.00 -0.013965
43 300
-1.00 0.00 -0.014004
44 300
-1.00 0.00 -0.014044
45 300
-1.00 0.00 -0.014083
46 300
-1.00 0.00 -0.014123
47 300
-1.00 0.00 -0.014163
48 300
-1.00 0.00 -0.014203
49 300
-1.00 0.00 -0.014244
50 300
-1.00 0.00 -0.014284
51 300
-1.00 0.00 -0.014325
52 300
-1.00 0.00 -0.014366
53 300
-1.00 0.00 -0.014408
54 300
-1.00 0.00 -0.014449
55 300
-1.00 0.00 -0.014491
56 300
-1.00 0.00 -0.014533
57 300
-1.00 0.00 -0.014576
58 300
-1.00 0.00 -0.014618
59 300
-1.00 0.00 -0.014661
60 300
-1.00 0.00 -0.014704
61 300
-1.00 0.00 -0.014748
62 300
-1.00 0.00 -0.014791
63 300
-1.00 0.00 -0.014835
64 300
-1.00 0.00 -0.014879
65 300
-1.00 0.00 -0.014924
66 300
-1.00 0.00 -0.014968
67 300
-1.00 0.00 -0.015013
68 300
-1.00 0.00 -0.015059
69 300
-1.00 0.00 -0.015104
70 300
-1.00 0.00 -0.015150
71 300
-1.00 0.00 -0.015196
72 300
-1.00 0.00 -0.015242
73 300
-1.00 0.00 -0.015289
74 300
-1.00 0.00 -0.015336
75 300
-1.00 0.00 -0.015383
76 300
-1.00 0.00 -0.015430
77 300
-1.00 0.00 -0.015478
78 300
-1.00 0.00 -0.015526
79 300
-1.00 0.00 -0.015574
80 300
-1.00 0.00 -0.015623
81 300
-1.00 0.00 -0.015672
82 300
-1.00 0.00 -0.015721
83 300
-1.00 0.00 -0.015771
84 300
-1.00 0.00 -0.015821
85 300
-1.00 0.00 -0.015871
86 300
-1.00 0.00 -0.015922
87 300
-1.00 0.00 -0.015972
88 300
-1.00 0.00 -0.016024
89 300
-1.00 0.00 -0.016075
90 300
-1.00 0.00 -0.016127
91 300
-1.00 0.00 -0.016179
92 300
-1.00 0.00 -0.016232
93 300
-1.00 0.00 -0.016284
94 300
-1.00 0.00 -0.016338
95 300
-1.00 0.00 -0.016391
96 300
-1.00 0.00 -0.016445
97 300
-1.00 0.00 -0.016499
98 300
-1.00 0.00 -0.016554
99 300
-1.00 0.00 -0.016609
100 300
-1.00 0.00 -0.016664
101 300
-1.00 0.00 -0.016720
102 300
-1.00 0.00 -0.016776
103 300
-1.00 0.00 -0.016833
104 300
-1.00 0.00 -0.016889
105 300
-1.00 0.00 -0.016947
106 300
-1.00 0.00 -0.017004
107 300
-1.00 0.00 -0.017062
108 300
-1.00 0.00 -0.017121
109 300
-1.00 0.00 -0.017180
110 300
-1.00 0.00 -0.017239
111 300
-1.00 0.00 -0.017298
112 300
-1.00 0.00 -0.017358
113 300
-1.00 0.00 -0.017419
114 300
-1.00 0.00 -0.017480
115 300
-1.00 0.00 -0.017541
116 300
-1.00 0.00 -0.017603
117 300
-1.00 0.00 -0.017665
118 300
-1.00 0.00 -0.017728
119 300
-1.00 0.00 -0.017791
120 300
-1.00 0.00 -0.017854
121 300
-1.00 0.00 -0.017918
122 300
-1.00 0.00 -0.017983
123 300
-1.00 0.00 -0.018048
124 300
-1.00 0.00 -0.018113
125 300
-1.00 0.00 -0.018179
126 300
-1.00 0.00 -0.018245
127 300
-1.00 0.00 -0.018312
128 300
-1.00 0.00 -0.018379
129 300
-1.00 0.00 -0.018447
130 300
-1.00 0.00 -0.018515
131 300
-1.00 0.00 -0.018584
132 300
-1.00 0.00 -0.018653
133 300
-1.00 0.00 -0.018723
134 300
-1.00 0.00 -0.018794
135 300
-1.00 0.00 -0.018865
136 300
-1.00 0.00 -0.018936
137 300
-1.00 0.00 -0.019008
138 300
-1.00 0.00 -0.019080
139 300
-1.00 0.00 -0.019154
140 300
-1.00 0.00 -0.019227
141 300
-1.00 0.00 -0.019301
142 300
-1.00 0.00 -0.019376
143 300
-1.00 0.00 -0.019452
144 300
-1.00 0.00 -0.019528
145 300
-1.00 0.00 -0.019604
146 300
-1.00 0.00 -0.019681
147 300
-1.00 0.00 -0.019759
148 300
-1.00 0.00 -0.019837
149 300
-1.00 0.00 -0.019916
150 300
-1.00 0.00 -0.019996
151 300
-1.00 0.00 -0.020076
152 300
-1.00 0.00 -0.020157
153 300
-1.00 0.00 -0.020239
154 300
-1.00 0.00 -0.020321
155 300
-1.00 0.00 -0.020404
156 300
-1.00 0.00 -0.020488
157 300
-1.00 0.00 -0.020572
158 300
-1.00 0.00 -0.020657
159 300
-1.00 0.00 -0.020742
160 300
-1.00 0.00 -0.020829
161 300
-1.00 0.00 -0.020916
162 300
-1.00 0.00 -0.021004
163 300
-1.00 0.00 -0.021092
164 300
-1.00 0.00 -0.021182
165 300
-1.00 0.00 -0.021272
166 300
-1.00 0.00 -0.021363
167 300
-1.00 0.00 -0.021454
168 300
-1.00 0.00 -0.021547
169 300
-1.00 0.00 -0.021640
170 300
-1.00 0.00 -0.021734
171 300
-1.00 0.00 -0.021829
172 300
-1.00 0.00 -0.021925
173 300
-1.00 0.00 -0.022021
174 300
-1.00 0.00 -0.022118
175 300
-1.00 0.00 -0.022217
176 300
-1.00 0.00 -0.022316
177 300
-1.00 0.00 -0.022416
178 300
-1.00 0.00 -0.022517
179 300
-1.00 0.00 -0.022619
180 300
-1.00 0.00 -0.022721
181 300
-1.00 0.00 -0.022825
182 300
-1.00 0.00 -0.022930
183 300
-1.00 0.00 -0.023035
184 300
-1.00 0.00 -0.023142
185 300
-1.00 0.00 -0.023250
186 300
-1.00 0.00 -0.023358
187 300
-1.00 0.00 -0.023468
188 300
-1.00 0.00 -0.023578
189 300
-1.00 0.00 -0.023690
190 300
-1.00 0.00 -0.023803
191 300
-1.00 0.00 -0.023917
192 300
-1.00 0.00 -0.024032
193 300
-1.00 0.00 -0.024148
194 300
-1.00 0.00 -0.024265
195 300
-1.00 0.00 -0.024383
196 300
-1.00 0.00 -0.024502
197 300
-1.00 0.00 -0.024623
198 300
-1.00 0.00 -0.024745
199 300
-1.00 0.00 -0.024868
200 300
-1.00 0.00 -0.024992
201 300
-1.00 0.00 -0.025118
202 300
-1.00 0.00 -0.025244
203 300
-1.00 0.00 -0.025373
204 300
-1.00 0.00 -0.025502
205 300
-1.00 0.00 -0.025633
206 300
-1.00 0.00 -0.025765
207 300
-1.00 0.00 -0.025898
208 300
-1.00 0.00 -0.026033
209 300
-1.00 0.00 -0.026169
210 300
-1.00 0.00 -0.026307
211 300
-1.00 0.00 -0.026446
212 300
-1.00 0.00 -0.026586
213 300
-1.00 0.00 -0.026728
214 300
-1.00 0.00 -0.026872
215 300
-1.00 0.00 -0.027017
216 300
-1.00 0.00 -0.027164
217 300
-1.00 0.00 -0.027312
218 300
-1.00 0.00 -0.027462
219 300
-1.00 0.00 -0.027614
220 300
-1.00 0.00 -0.027767
221 300
-1.00 0.00 -0.027922
222 300
-1.00 0.00 -0.028079
223 300
-1.00 0.00 -0.028237
224 300
-1.00 0.00 -0.028398
225 300
-1.00 0.00 -0.028560
226 300
-1.00 0.00 -0.028724
227 300
-1.00 0.00 -0.028890
228 300
-1.00 0.00 -0.029057
229 300
-1.00 0.00 -0.029227
230 300
-1.00 0.00 -0.029399
231 300
-1.00 0.00 -0.029573
232 300
-1.00 0.00 -0.029749
233 300
-1.00 0.00 -0.029927
234 300
-1.00 0.00 -0.030107
235 300
-1.00 0.00 -0.030289
236 300
-1.00 0.00 -0.030474
237 300
-1.00 0.00 -0.030660
238 300
-1.00 0.00 -0.030850
239 300
-1.00 0.00 -0.031041
240 300
-1.00 0.00 -0.031235
241 300
-1.00 0.00 -0.031431
242 300
-1.00 0.00 -0.031630
243 300
-1.00 0.00 -0.031831
244 300
-1.00 0.00 -0.032035
245 300
-1.00 0.00 -0.032241
246 300
-1.00 0.00 -0.032450
247 300
-1.00 0.00 -0.032662
248 300
-1.00 0.00 -0.032877
249 300
-1.00 0.00 -0.033094
250 300
-1.00 0.00 -0.033315
251 300
-1.00 0.00 -0.033538
252 300
-1.00 0.00 -0.033765
253 300
-1.00 0.00 -0.033994
254 300
-1.00 0.00 -0.034227
255 300
-1.00 0.00 -0.034462
256 300
-1.00 0.00 -0.034701
257 300
-1.00 0.00 -0.034944
258 300
-1.00 0.00 -0.035189
259 300
-1.00 0.00 -0.035439
260 300
-1.00 0.00 -0.035692
261 300
-1.00 0.00 -0.035948
262 300
-1.00 0.00 -0.036208
263 300
-1.00 0.00 -0.036472
264 300
-1.00 0.00 -0.036740
265 300
-1.00 0.00 -0.037012
266 300
-1.00 0.00 -0.037287
267 300
-1.00 0.00 -0.037567
268 300
-1.00 0.00 -0.037852
269 300
-1.00 0.00 -0.038140
270 300
-1.00 0.00 -0.038433
271 300
-1.00 0.00 -0.038731
272 300
-1.00 0.00 -0.039033
273 300
-1.00 0.00 -0.039340
274 300
-1.00 0.00 -0.039651
275 300
-1.00 0.00 -0.039968
276 300
-1.00 0.00 -0.040290
277 300
-1.00 0.00 -0.040617
278 300
-1.00 0.00 -0.040949
279 300
-1.00 0.00 -0.041287
280 300
-1.00 0.00 -0.041631
281 300
-1.00 0.00 -0.041980
282 300
-1.00 0.00 -0.042335
283 300
-1.00 0.00 -0.042696
284 300
-1.00 0.00 -0.043063
285 300
-1.00 0.00 -0.043437
286 300
-1.00 0.00 -0.043818
287 300
-1.00 0.00 -0.044205
288 300
-1.00 0.00 -0.044598
289 300
-1.00 0.00 -0.044999
290 300
-1.00 0.00 -0.045408
291 300
-1.00 0.00 -0.045823
292 300
-1.00 0.00 -0.046247
293 300
-1.00 0.00 -0.046678
294 300
-1.00 0.00 -0.047117
295 300
-1.00 0.00 -0.047565
296 300
-1.00 0.00 -0.048021
297 300
-1.00 0.00 -0.048487
298 300
-1.00 0.00 -0.048961
299 300
-1.00 0.00 -0.049444
300 300
-1.00 0.00 -0.049938
301 300
-1.00 0.00 -0.050441
302 300
-1.00 0.00 -0.050954
303 300
-1.00 0.00 -0.051478
304 300
-1.00 0.00 -0.052013
305 300
-1.00 0.00 -0.052559
306 300
-1.00 0.00 -0.053116
307 300
-1.00 0.00 -0.053686
308 300
-1.00 0.00 -0.054268
309 300
-1.00 0.00 -0.054862
310 300
-1.00 0.00 -0.055470
311 300
-1.00 0.00 -0.056091
312 300
-1.00 0.00 -0.056727
313 300
-1.00 0.00 -0.057377
314 300
-1.00 0.00 -0.058042
315 300
-1.00 0.00 -0.058722
316 300
-1.00 0.00 -0.059419
317 300
-1.00 0.00 -0.060132
318 300
-1.00 0.00 -0.060863
319 300
-1.00 0.00 -0.061611
320 300
-1.00 0.00 -0.062378
321 300
-1.00 0.00 -0.063165
322 300
-1.00 0.00 -0.063971
323 300
-1.00 0.00 -0.064799
324 300
-1.00 0.00 -0.065648
325 300
-1.00 0.00 -0.066519
326 300
-1.00 0.00 -0.067414
327 300
-1.00 0.00 -0.068333
328 300
-1.00 0.00 -0.069278
329 300
-1.00 0.00 -0.070249
330 300
-1.00 0.00 -0.071247
331 300
-1.00 0.00 -0.072274
332 300
-1.00 0.00 -0.073331
333 300
-1.00 0.00 -0.074420
334 300
-1.00 0.00 -0.075541
335 300
-1.00 0.00 -0.076696
336 300
-1.00 0.00 -0.077888
337 300
-1.00 0.00 -0.079116
338 300
-1.00 0.00 -0.080384
339 300
-1.00 0.00 -0.081693
340 300
-1.00 0.00 -0.083045
341 300
-1.00 0.00 -0.084443
342 300
-1.00 0.00 -0.085888
343 300
-1.00 0.00 -0.087384
344 300
-1.00 0.00 -0.088932
345 300
-1.00 0.00 -0.090536
346 300
-1.00 0.00 -0.092198
347 300
-1.00 0.00 -0.093923
348 300
-1.00 0.00 -0.095712
349 300
-1.00 0.00 -0.097571
350 300
-1.00 0.00 -0.099504
351 300
-0.99 0.00 -0.101514
352 300
-0.99 0.00 -0.103606
353 300
-0.99 0.00 -0.105786
354 300
-0.99 0.00 -0.108059
355 300
-0.99 0.00 -0.110432
356 300
-0.99 0.00 -0.112910
357 300
-0.99 0.00 -0.115501
358 300
-0.99 0.00 -0.118213
359 300
-0.99 0.00 -0.121054
360 300
-0.99 0.00 -0.124035
361 300
-0.99 0.00 -0.127164
362 300
-0.99 0.00 -0.130455
363 300
-0.99 0.00 -0.133918
364 300
-0.99 0.00 -0.137568
365 300
-0.99 0.00 -0.141421
366 300
-0.99 0.00 -0.145494
367 300
-0.99 0.00 -0.149805
368 300
-0.99 0.00 -0.154377
369 300
-0.99 0.00 -0.159232
370 300
-0.99 0.00 -0.164399
371 300
-0.99 0.00 -0.169907
372 300
-0.98 0.00 -0.175791
373 300
-0.98 0.00 -0.182089
374 300
-0.98 0.00 -0.188847
375 300
-0.98 0.00 -0.196116
376 300
-0.98 0.00 -0.203954
377 300
-0.98 0.00 -0.212430
378 300
-0.98 0.00 -0.221621
379 300
-0.97 0.00 -0.231621
380 300
-0.97 0.00 -0.242536
381 300
-0.97 0.00 -0.254493
382 300
-0.96 0.00 -0.267644
383 300
-0.96 0.00 -0.282166
384 300
-0.95 0.00 -0.298275
385 300
-0.95 0.00 -0.316228
386 300
-0.94 0.00 -0.336336
387 300
-0.93 0.00 -0.358979
388 300
-0.92 0.00 -0.384615
389 300
-0.91 0.00 -0.413803
390 300
-0.89 0.00 -0.447214
391 300
-0.87 0.00 -0.485643
392 300
-0.85 0.00 -0.529999
393 300
-0.81 0.00 -0.581238
394 300
-0.77 0.00 -0.640184
395 300
-0.71 0.00 -0.707107
396 300
-0.62 0.00 -0.780869
397 300
-0.51 0.00 -0.857493
398 300
-0.37 0.00 -0.928477
399 300
-0.20 0.00 -0.980581
400 300
0.00 0.00 -1.000000
401 300
0.20 0.00 -0.980581
402 300
0.37 0.00 -0.928477
403 300
0.51 0.00 -0.857493
404 300
0.62 0.00 -0.780869
405 300
0.71 0.00 -0.707107
406 300
0.77 0.00 -0.640184
407 300
0.81 0.00 -0.581238
408 300
0.85 0.00 -0.529999
409 300
0.87 0.00 -0.485643
410 300
0.89 0.00 -0.447214
411 300
0.91 0.00 -0.413803
412 300
0.92 0.00 -0.384615
413 300
0.93 0.00 -0.358979
414 300
0.94 0.00 -0.336336
415 300
0.95 0.00 -0.316228
416 300
0.95 0.00 -0.298275
417 300
0.96 0.00 -0.282166
418 300
0.96 0.00 -0.267644
419 300
0.97 0.00 -0.254493
420 300
0.97 0.00 -0.242536
421 300
0.97 0.00 -0.231621
422 300
0.98 0.00 -0.221621
423 300
0.98 0.00 -0.212430
424 300
0.98 0.00 -0.203954
425 300
0.98 0.00 -0.196116
426 300
0.98 0.00 -0.188847
427 300
0.98 0.00 -0.182089
428 300
0.98 0.00 -0.175791
429 300
0.99 0.00 -0.169907
430 300
0.99 0.00 -0.164399
431 300
0.99 0.00 -0.159232
432 300
0.99 0.00 -0.154377
433 300
0.99 0.00 -0.149805
434 300
0.99 0.00 -0.145494
435 300
0.99 0.00 -0.141421
436 300
0.99 0.00 -0.137568
437 300
0.99 0.00 -0.133918
438 300
0.99 0.00 -0.130455
439 300
0.99 0.00 -0.127164
440 300
0.99 0.00 -0.124035
441 300
0.99 0.00 -0.121054
442 300
0.99 0.00 -0.118213
443 300
0.99 0.00 -0.115501
444 300
0.99 0.00 -0.112910
445 300
0.99 0.00 -0.110432
446 300
0.99 0.00 -0.108059
447 300
0.99 0.00 -0.105786
448 300
0.99 0.00 -0.103606
449 300
0.99 0.00 -0.101514
450 300
1.00 0.00 -0.099504
451 300
1.00 0.00 -0.097571
452 300
1.00 0.00 -0.095712
453 300
1.00 0.00 -0.093923
454 300
1.00 0.00 -0.092198
455 300
1.00 0.00 -0.090536
456 300
1.00 0.00 -0.088932
457 300
1.00 0.00 -0.087384
458 300
1.00 0.00 -0.085888
459 300
1.00 0.00 -0.084443
460 300
1.00 0.00 -0.083045
461 300
1.00 0.00 -0.081693
462 300
1.00 0.00 -0.080384
463 300
1.00 0.00 -0.079116
464 300
1.00 0.00 -0.077888
465 300
1.00 0.00 -0.076696
466 300
1.00 0.00 -0.075541
467 300
1.00 0.00 -0.074420
468 300
1.00 0.00 -0.073331
469 300
1.00 0.00 -0.072274
470 300
1.00 0.00 -0.071247
471 300
1.00 0.00 -0.070249
472 300
1.00 0.00 -0.069278
473 300
1.00 0.00 -0.068333
474 300
1.00 0.00 -0.067414
475 300
1.00 0.00 -0.066519
476 300
1.00 0.00 -0.065648
477 300
1.00 0.00 -0.064799
478 300
1.00 0.00 -0.063971
479 300
1.00 0.00 -0.063165
480 300
1.00 0.00 -0.062378
481 300
1.00 0.00 -0.061611
482 300
1.00 0.00 -0.060863
483 300
1.00 0.00 -0.060132
484 300
1.00 0.00 -0.059419
485 300
1.00 0.00 -0.058722
486 300
1.00 0.00 -0.058042
487 300
1.00 0.00 -0.057377
488 300
1.00 0.00 -0.056727
489 300
1.00 0.00 -0.056091
490 300
1.00 0.00 -0.055470
491 300
1.00 0.00 -0.054862
492 300
1.00 0.00 -0.054268
493 300
1.00 0.00 -0.053686
494 300
1.00 0.00 -0.053116
495 300
1.00 0.00 -0.052559
496 300
1.00 0.00 -0.052013
497 300
1.00 0.00 -0.051478
498 300
1.00 0.00 -0.050954
499 300
1.00 0.00 -0.050441
500 300
1.00 0.00 -0.049938
501 300
1.00 0.00 -0.049444
502 300
1.00 0.00 -0.048961
503 300
1.00 0.00 -0.048487
504 300
1.00 0.00 -0.048021
505 300
1.00 0.00 -0.047565
506 300
1.00 0.00 -0.047117
507 300
1.00 0.00 -0.046678
508 300
1.00 0.00 -0.046247
509 300
1.00 0.00 -0.045823
510 300
1.00 0.00 -0.045408
511 300
1.00 0.00 -0.044999
512 300
1.00 0.00 -0.044598
513 300
1.00 0.00 -0.044205
514 300
1.00 0.00 -0.043818
515 300
1.00 0.00 -0.043437
516 300
1.00 0.00 -0.043063
517 300
1.00 0.00 -0.042696
518 300
1.00 0.00 -0.042335
519 300
1.00 0.00 -0.041980
520 300
1.00 0.00 -0.041631
521 300
1.00 0.00 -0.041287
522 300
1.00 0.00 -0.040949
523 300
1.00 0.00 -0.040617
524 300
1.00 0.00 -0.040290
525 300
1.00 0.00 -0.039968
526 300
1.00 0.00 -0.039651
527 300
1.00 0.00 -0.039340
528 300
1.00 0.00 -0.039033
529 300
1.00 0.00 -0.038731
530 300
1.00 0.00 -0.038433
531 300
1.00 0.00 -0.038140
532 300
1.00 0.00 -0.037852
533 300
1.00 0.00 -0.037567
534 300
1.00 0.00 -0.037287
535 300
1.00 0.00 -0.037012
536 300
1.00 0.00 -0.036740
537 300
1.00 0.00 -0.036472
538 300
1.00 0.00 -0.036208
539 300
1.00 0.00 -0.035948
540 300
1.00 0.00 -0.035692
541 300
1.00 0.00 -0.035439
542 300
1.00 0.00 -0.035189
543 300
1.00 0.00 -0.034944
544 300
1.00 0.00 -0.034701
545 300
1.00 0.00 -0.034462
546 300
1.00 0.00 -0.034227
547 300
1.00 0.00 -0.033994
548 300
1.00 0.00 -0.033765
549 300
1.00 0.00 -0.033538
550 300
1.00 0.00 -0.033315
551 300
1.00 0.00 -0.033094
552 300
1.00 0.00 -0.032877
553 300
1.00 0.00 -0.032662
554 300
1.00 0.00 -0.032450
555 300
1.00 0.00 -0.032241
556 300
1.00 0.00 -0.032035
557 300
1.00 0.00 -0.031831
558 300
1.00 0.00 -0.031630
559 300
1.00 0.00 -0.031431
560 300
1.00 0.00 -0.031235
561 300
1.00 0.00 -0.031041
562 300
1.00 0.00 -0.030850
563 300
1.00 0.00 -0.030660
564 300
1.00 0.00 -0.030474
565 300
1.00 0.00 -0.030289
566 300
1.00 0.00 -0.030107
567 300
1.00 0.00 -0.029927
568 300
1.00 0.00 -0.029749
569 300
1.00 0.00 -0.029573
570 300
1.00 0.00 -0.029399
571 300
1.00 0.00 -0.029227
572 300
1.00 0.00 -0.029057
573 300
1.00 0.00 -0.028890
574 300
1.00 0.00 -0.028724
575 300
1.00 0.00 -0.028560
576 300
1.00 0.00 -0.028398
577 300
1.00 0.00 -0.028237
578 300
1.00 0.00 -0.028079
579 300
1.00 0.00 -0.027922
580 300
1.00 0.00 -0.027767
581 300
1.00 0.00 -0.027614
582 300
1.00 0.00 -0.027462
583 300
1.00 0.00 -0.027312
584 300
1.00 0.00 -0.027164
585 300
1.00 0.00 -0.027017
586 300
1.00 0.00 -0.026872
587 300
1.00 0.00 -0.026728
588 300
1.00 0.00 -0.026586
589 300
1.00 0.00 -0.026446
590 300
1.00 0.00 -0.026307
591 300
1.00 0.00 -0.026169
592 300
1.00 0.00 -0.026033
593 300
1.00 0.00 -0.025898
594 300
1.00 0.00 -0.025765
595 300
1.00 0.00 -0.025633
596 300
1.00 0.00 -0.025502
597 300
1.00 0.00 -0.025373
598 300
1.00 0.00 -0.025244
599 300
1.00 0.00 -0.025118
600 300
1.00 0.00 -0.024992
601 300
1.00 0.00 -0.024868
602 300
1.00 0.00 -0.024745
603 300
1.00 0.00 -0.024623
604 300
1.00 0.00 -0.024502
605 300
1.00 0.00 -0.024383
606 300
1.00 0.00 -0.024265
607 300
1.00 0.00 -0.024148
608 300
1.00 0.00 -0.024032
609 300
1.00 0.00 -0.023917
610 300
1.00 0.00 -0.023803
611 300
1.00 0.00 -0.023690
612 300
1.00 0.00 -0.023578
613 300
1.00 0.00 -0.023468
614 300
1.00 0.00 -0.023358
615 300
1.00 0.00 -0.023250
616 300
1.00 0.00 -0.023142
617 300
1.00 0.00 -0.023035
618 300
1.00 0.00 -0.022930
619 300
1.00 0.00 -0.022825
620 300
1.00 0.00 -0.022721
621 300
1.00 0.00 -0.022619
622 300
1.00 0.00 -0.022517
623 300
1.00 0.00 -0.022416
624 300
1.00 0.00 -0.022316
625 300
1.00 0.00 -0.022217
626 300
1.00 0.00 -0.022118
627 300
1.00 0.00 -0.022021
628 300
1.00 0.00 -0.021925
629 300
1.00 0.00 -0.021829
630 300
1.00 0.00 -0.021734
631 300
1.00 0.00 -0.021640
632 300
1.00 0.00 -0.021547
633 300
1.00 0.00 -0.021454
634 300
1.00 0.00 -0.021363
635 300
1.00 0.00 -0.021272
636 300
1.00 0.00 -0.021182
637 300
1.00 0.00 -0.021092
638 300
1.00 0.00 -0.021004
639 300
1.00 0.00 -0.020916
640 300
1.00 0.00 -0.020829
641 300
1.00 0.00 -0.020742
642 300
1.00 0.00 -0.020657
643 300
1.00 0.00 -0.020572
644 300
1.00 0.00 -0.020488
645 300
1.00 0.00 -0.020404
646 300
1.00 0.00 -0.020321
647 300
1.00 0.00 -0.020239
648 300
1.00 0.00 -0.020157
649 300
1.00 0.00 -0.020076
650 300
1.00 0.00 -0.019996
651 300
1.00 0.00 -0.019916
652 300
1.00 0.00 -0.019837
653 300
1.00 0.00 -0.019759
654 300
1.00 0.00 -0.019681
655 300
1.00 0.00 -0.019604
656 300
1.00 0.00 -0.019528
657 300
1.00 0.00 -0.019452
658 300
1.00 0.00 -0.019376
659 300
1.00 0.00 -0.019301
660 300
1.00 0.00 -0.019227
661 300
1.00 0.00 -0.019154
662 300
1.00 0.00 -0.019080
663 300
1.00 0.00 -0.019008
664 300
1.00 0.00 -0.018936
665 300
1.00 0.00 -0.018865
666 300
1.00 0.00 -0.018794
667 300
1.00 0.00 -0.018723
668 300
1.00 0.00 -0.018653
669 300
1.00 0.00 -0.018584
670 300
1.00 0.00 -0.018515
671 300
1.00 0.00 -0.018447
672 300
1.00 0.00 -0.018379
673 300
1.00 0.00 -0.018312
674 300
1.00 0.00 -0.018245
675 300
1.00 0.00 -0.018179
676 300
1.00 0.00 -0.018113
677 300
1.00 0.00 -0.018048
678 300
1.00 0.00 -0.017983
679 300
1.00 0.00 -0.017918
680 300
1.00 0.00 -0.017854
681 300
1.00 0.00 -0.017791
682 300
1.00 0.00 -0.017728
683 300
1.00 0.00 -0.017665
684 300
1.00 0.00 -0.017603
685 300
1.00 0.00 -0.017541
686 300
1.00 0.00 -0.017480
687 300
1.00 0.00 -0.017419
688 300
1.00 0.00 -0.017358
689 300
1.00 0.00 -0.017298
690 300
1.00 0.00 -0.017239
691 300
1.00 0.00 -0.017180
692 300
1.00 0.00 -0.017121
693 300
1.00 0.00 -0.017062
694 300
1.00 0.00 -0.017004
695 300
1.00 0.00 -0.016947
696 300
1.00 0.00 -0.016889
697 300
1.00 0.00 -0.016833
698 300
1.00 0.00 -0.016776
699 300
1.00 0.00 -0.016720
700 300
1.00 0.00 -0.016664
701 300
1.00 0.00 -0.016609
702 300
1.00 0.00 -0.016554
703 300
1.00 0.00 -0.016499
704 300
1.00 0.00 -0.016445
705 300
1.00 0.00 -0.016391
706 300
1.00 0.00 -0.016338
707 300
1.00 0.00 -0.016284
708 300
1.00 0.00 -0.016232
709 300
1.00 0.00 -0.016179
710 300
1.00 0.00 -0.016127
711 300
1.00 0.00 -0.016075
712 300
1.00 0.00 -0.016024
713 300
1.00 0.00 -0.015972
714 300
1.00 0.00 -0.015922
715 300
1.00 0.00 -0.015871
716 300
1.00 0.00 -0.015821
717 300
1.00 0.00 -0.015771
718 300
1.00 0.00 -0.015721
719 300
1.00 0.00 -0.015672
720 300
1.00 0.00 -0.015623
721 300
1.00 0.00 -0.015574
722 300
1.00 0.00 -0.015526
723 300
1.00 0.00 -0.015478
724 300
1.00 0.00 -0.015430
725 300
1.00 0.00 -0.015383
726 300
1.00 0.00 -0.015336
727 300
1.00 0.00 -0.015289
728 300
1.00 0.00 -0.015242
729 300
1.00 0.00 -0.015196
730 300
1.00 0.00 -0.015150
731 300
1.00 0.00 -0.015104
732 300
1.00 0.00 -0.015059
733 300
1.00 0.00 -0.015013
734 300
1.00 0.00 -0.014968
735 300
1.00 0.00 -0.014924
736 300
1.00 0.00 -0.014879
737 300
1.00 0.00 -0.014835
738 300
1.00 0.00 -0.014791
739 300
1.00 0.00 -0.014748
740 300
1.00 0.00 -0.014704
741 300
1.00 0.00 -0.014661
742 300
1.00 0.00 -0.014618
743 300
1.00 0.00 -0.014576
744 300
1.00 0.00 -0.014533
745 300
1.00 0.00 -0.014491
746 300
1.00 0.00 -0.014449
747 300
1.00 0.00 -0.014408
748 300
1.00 0.00 -0.014366
749 300
1.00 0.00 -0.014325
750 300
1.00 0.00 -0.014284
751 300
1.00 0.00 -0.014244
752 300
1.00 0.00 -0.014203
753 300
1.00 0.00 -0.014163
754 300
1.00 0.00 -0.014123
755 300
1.00 0.00 -0.014083
756 300
1.00 0.00 -0.014044
757 300
1.00 0.00 -0.014004
758 300
1.00 0.00 -0.013965
759 300
1.00 0.00 -0.013926
760 300
1.00 0.00 -0.013888
761 300
1.00 0.00 -0.013849
762 300
1.00 0.00 -0.013811
763 300
1.00 0.00 -0.013773
764 300
1.00 0.00 -0.013735
765 300
1.00 0.00 -0.013697
766 300
1.00 0.00 -0.013660
767 300
1.00 0.00 -0.013623
768 300
1.00 0.00 -0.013586
769 300
1.00 0.00 -0.013549
770 300
1.00 0.00 -0.013512
771 300
1.00 0.00 -0.013476
772 300
1.00 0.00 -0.013440
773 300
1.00 0.00 -0.013404
774 300
1.00 0.00 -0.013368
775 300
1.00 0.00 -0.013332
776 300
1.00 0.00 -0.013297
777 300
1.00 0.00 -0.013261
778 300
1.00 0.00 -0.013226
779 300
1.00 0.00 -0.013191
780 300
1.00 0.00 -0.013157
781 300
1.00 0.00 -0.013122
782 300
1.00 0.00 -0.013088
783 300
1.00 0.00 -0.013054
784 300
1.00 0.00 -0.013020
785 300
1.00 0.00 -0.012986
786 300
1.00 0.00 -0.012952
787 300
1.00 0.00 -0.012919
788 300
1.00 0.00 -0.012886
789 300
1.00 0.00 -0.012852
790 300
1.00 0.00 -0.012819
791 300
1.00 0.00 -0.012787
792 300
1.00 0.00 -0.012754
793 300
1.00 0.00 -0.012722
794 300
1.00 0.00 -0.012689
795 300
1.00 0.00 -0.012657
796 300
1.00 0.00 -0.012625
797 300
1.00 0.00 -0.012593
798 300
1.00 0.00 -0.012562
799 300
1.00 0.00 -0.012530
800 300
1.00 0.00 -0.012499
Time flies: 0.06 Secs
Shooting... 600/600 [100.00%]
